Data only for the month of April

tournament id = 234

tournament name = DPDL Mumbai U-13

match ids for April month = 1863, 1864, 1865, 1866, 1867, 1868, 1869, 1870, 1871, 1906, 1907, 1908, 1909, 1910, 1911, 1912, 1913, 1978, 1979, 1980, 1981, 1982, 1984, 1986, 1988, 1990

user ids = 17451, 17455, 17457, 19633, 19634, 19632, 21441, 21442, 17212, 17213, 17214, 17215, 17216, 17217, 17218, 17219, 17220, 17221, 17222, 17224, 17225, 17226, 17228, 18878, 19001, 17434, 17435, 17436, 17437, 17438, 17439, 17440, 17441, 17470, 17471, 17501, 17591, 17488, 17489, 18625, 19637, 18626, 19636, 18627, 18630, 18628, 17672, 18592, 17676, 17677, 19639, 21385, 17670, 17673, 17671, 19638, 18629, 17666, 18631, 20875, 17674, 18596, 17667, 17668, 17356, 17359, 17363, 17358, 17362, 17361, 17360, 17357, 19635, 17366, 17364, 17365, 17354, 18634, 18576, 18575, 19075, 19076, 18572, 18571, 18569, 18568, 19077, 18567, 18566, 21388, 19839, 18697, 18699, 18700, 18701, 18702, 18703, 18707, 18709, 18712, 18710, 18711, 19119, 21991, 17256, 19123, 17257, 17259, 17270, 17261, 17267, 17266, 17263, 17265, 17264, 17242, 17253, 17243, 17244, 17403, 17252, 17404, 17250, 17402, 17246, 17249, 17247, 18676, 17251, 17292, 17293, 17294, 17295, 17296, 17297, 17298, 17299, 17300, 18653, 18654, 18655, 18656, 18657, 18658, 18659, 18660, 18661, 18662, 18663, 18664, 18665, 18666, 18667, 18668, 17301, 17302, 19656, 18489, 18495, 18494, 18487, 18491, 18492, 18488, 18486, 17405, 17408, 17411, 17413, 17415, 17416, 17417, 21012, 18919, 19654, 18493, 18497, 17418, 17235, 17240, 17233, 17306, 17234, 19078, 17236, 17239, 17303, 19555, 19559, 19547, 19550, 19554, 19553, 19552, 19556, 19830, 17230, 17232, 17231, 21992, 19548, 19558, 20975, 22009, 17994, 17997, 17995, 17996, 18001, 17998, 17999, 18003, 18000, 18004, 18002, 22595, 17480, 17483, 17484, 17478, 17485, 17477, 17474, 17476, 17482, 17291, 20009, 17475, 17479, 17487, 23801, 20996, 19118, 17447, 17443, 17452, 17446, 17449, 19117, 17448, 17334, 17450, 17453, 18570, 18573, 17600, 17605, 17906, 17596, 20166, 17599, 17594, 17595, 17602, 17593, 23825, 18589, 17540, 18907, 18903, 17391, 18793, 18900, 19619, 17394, 17542, 17254, 17255, 17269, 17392, 18904, 21235, 23794, 18698, 22384, 18708, 18704, 17209, 20494, 17200, 17197, 17210, 17204, 17201, 17207, 17208, 22382, 17198, 17211, 21544, 17202, 22648, 17206, 18496, 17656, 17660, 17659, 17662, 17657, 17655, 17665, 17661, 17658, 22341, 17663, 17664, 19203, 18586, 18815, 17380, 19006, 17432, 17377, 17378, 17383, 17386, 17379, 17406, 17412, 17414, 17376, 17375, 18006, 17374, 18814, 21014, 21444, 18498, 21323, 18877, 17454, 23656, 17227, 17262, 19549, 17238, 18633, 17442, 18574, 17601, 17355, 17597, 17603, 17598



