tournament id = 230

tournament name = DPDL U15 Mumbai 2024

match ids = 1344, 1345, 1346, 1408, 1409, 1410, 1411, 1412, 1465, 1467, 1468, 1469, 1470, 1471, 1563, 1564, 1565, 1566, 1567, 1568, 1595, 1596, 1597, 1598, 1599, 1601, 1602, 1603, 1651, 1652, 1653, 1654, 1655, 1656, 1657, 1695, 1696, 1698, 1699, 1700, 1702, 1730, 1731, 1732, 1733, 1768, 1769, 1770, 1771, 1806, 1807, 1808, 1858, 1859, 1860, 1861, 1862, 1878, 1879, 2042, 2043, 2044, 2045, 2108, 2110, 2111, 2112, 2213, 2214

user ids = 16769, 16770, 16771, 16772, 16773, 16774, 16775, 16776, 16777, 16778, 16779, 16780, 16781, 16782, 16783, 16784, 16785, 16786, 16787, 16788, 16789, 16790, 16935, 16936, 16943, 16944, 17629, 17620, 17622, 17627, 17626, 17625, 17624, 17630, 17634, 17632, 17635, 18247, 18248, 18249, 18250, 18251, 18252, 18254, 18255, 18256, 18257, 18258, 17623, 17621, 17631, 17633, 17636, 17490, 17492, 17495, 17494, 17727, 17730, 17728, 17729, 17732, 17734, 17735, 17741, 17736, 17733, 18295, 18296, 17491, 18298, 18299, 18300, 18301, 18302, 17737, 17739, 18403, 17740, 18408, 18409, 20874, 17713, 17714, 17715, 17716, 17717, 17718, 17719, 17720, 17721, 17722, 17723, 17724, 17725, 17726, 17731, 17738, 17606, 17607, 17608, 17609, 17610, 17611, 17612, 17613, 17614, 17616, 17617, 17618, 17619, 17628, 17502, 17504, 17506, 17507, 17508, 17509, 17510, 17511, 17512, 17513, 17516, 17517, 17518, 17519, 17520, 17521, 17522, 17523, 17524, 17525, 17526, 17527, 17528, 17503, 17531, 17532, 17515, 17319, 17316, 17320, 17314, 17308, 17315, 17318, 17310, 17311, 17317, 17313, 17321, 17323, 17324, 17325, 17326, 17327, 17328, 17329, 17330, 17331, 17333, 17322, 17332, 17312, 17309, 17938, 17939, 17940, 17941, 17942, 17943, 17944, 17945, 17946, 17947, 17948, 18241, 18297, 17416, 18368, 18367, 18366, 18365, 18363, 18361, 18360, 18359, 18358, 18357, 18356, 18355, 18354, 18353, 18351, 18350, 18349, 18293, 18292, 18291, 18290, 18289, 18288, 18287, 18286, 18285, 18283, 18281, 18280, 18279, 18278, 18277, 18276, 18275, 18274, 18273, 18389, 18392, 18390, 18407, 18362, 18553, 18554, 18555, 18556, 18557, 18558, 18262, 18264, 18265, 18266, 18267, 18268, 18269, 18270, 18271, 18272, 17505, 18393, 18395, 18396, 18398, 18399, 18400, 18401, 18284, 18294, 19546, 19568, 17615, 18364, 18552, 17514, 19353, 19492, 19493, 19494, 19495, 19497, 19498, 19448, 19363, 19453, 19450, 19452, 19511, 18391, 19726, 19666, 19652, 19705, 19352, 19757, 19756, 19755, 19754, 19752, 19750, 18631, 19362, 19708, 19710, 19709, 19711, 19760, 19725, 19449, 19728, 19729, 19730, 19731, 19732, 19733, 19734, 19735, 19736, 19738, 19739, 19740, 19741, 19737, 19806, 17488, 18634, 19751, 20515, 21180, 21590, 21028, 20873, 21200, 20978, 21033, 21032, 21111, 21244, 17493, 21536, 21553, 21302, 19667, 20890, 21854, 21852, 21853, 21990, 22047, 24074, 24075, 24418, 24385, 24386, 24387




